[gd_scene format=3 uid="uid://b0urcnetw2ffk"]

[ext_resource type="PackedScene" uid="uid://0dq4hrm7g0uh" path="res://Scenes/Actor/Player.tscn" id="1_5cjrv"]
[ext_resource type="Script" uid="uid://byyorc4pos538" path="res://Scripts/StoryManager.gd" id="1_q2d71"]
[ext_resource type="PackedScene" uid="uid://bhm77tctxni61" path="res://Scenes/Stage/DuckieStageOffice.tscn" id="2_gjpho"]
[ext_resource type="PackedScene" uid="uid://bexsfkb2puprc" path="res://Scenes/Stage/InterconnectStage.tscn" id="4_45d1s"]
[ext_resource type="PackedScene" uid="uid://djay3cdf7ofo3" path="res://Scenes/Stage/VictoriaStage01.tscn" id="4_ti1bm"]
[ext_resource type="PackedScene" uid="uid://cewhef2lpvpru" path="res://Scenes/Enviroment/Platform.tscn" id="5_p70al"]
[ext_resource type="Script" uid="uid://d0sdi3ppa8gg4" path="res://Scripts/Deathplane.gd" id="6_45d1s"]
[ext_resource type="PackedScene" uid="uid://13rb6aiq25xy" path="res://Scenes/Enviroment/Wall.tscn" id="7_kn06e"]
[ext_resource type="PackedScene" uid="uid://b7cylcievqyc5" path="res://Scenes/Enviroment/MovingPlatform.tscn" id="7_uo7di"]
[ext_resource type="Script" uid="uid://bf8jqwk1701ou" path="res://Scripts/Checkpoint.gd" id="7_y7y61"]
[ext_resource type="Script" uid="uid://tgsi8i4qi0ec" path="res://Scripts/AlwaysFacePlayer.gd" id="8_7yo87"]
[ext_resource type="PackedScene" uid="uid://pyo8hh6njkkh" path="res://Scenes/Enviroment/Firewall.tscn" id="12_ti1bm"]
[ext_resource type="WwiseEvent" uid="uid://bnhxern0gusg1" path="res://Wwise/resources/Event/{6343721D-3E5B-4BE6-B385-325C0D8DA43E}.tres" id="13_op4cu"]

[sub_resource type="BoxShape3D" id="BoxShape3D_ti1bm"]

[sub_resource type="PanoramaSkyMaterial" id="PanoramaSkyMaterial_j0p05"]

[sub_resource type="Sky" id="Sky_0a7su"]
sky_material = SubResource("PanoramaSkyMaterial_j0p05")
radiance_size = 1

[sub_resource type="Environment" id="Environment_5nsto"]
background_mode = 1
sky = SubResource("Sky_0a7su")
tonemap_mode = 2
tonemap_exposure = 0.67
ssao_enabled = true
glow_enabled = true
fog_enabled = true
fog_mode = 1
fog_light_color = Color(0, 0, 0, 1)
fog_density = 1.0
fog_depth_begin = 1.5
fog_depth_end = 160.0

[sub_resource type="Curve3D" id="Curve3D_op4cu"]
_data = {
"points": PackedVector3Array(0, 0, 0, 0, 0, 0, 0, 0, 3.7774038, 0, 0, 0, 0, 0, -1.475, 0, 0, 0, 0, 0, 1.305, 0, 0, 0, 0, 5.0493903, -7.1850004, 0, 0, 0, 0, 0, 0, 0, 5.049, -9.475),
"tilts": PackedFloat32Array(0, 0, 0, 0)
}
point_count = 4

[sub_resource type="Curve3D" id="Curve3D_8l3nt"]
_data = {
"points": PackedVector3Array(0, 0, 0, 0, 0, 0, 0, 0, 0, 0, 0, 0, 0, 0, 0, 0, -2.9, 6.825),
"tilts": PackedFloat32Array(0, 0)
}
point_count = 2

[sub_resource type="Curve3D" id="Curve3D_kn06e"]
_data = {
"points": PackedVector3Array(0, 0, 0, 0, 0, 0, 8, 0, 0, 0, 0, 0, 0, 0, 0, -8, 0, 0),
"tilts": PackedFloat32Array(0, 0)
}
point_count = 2

[sub_resource type="Curve3D" id="Curve3D_ti1bm"]
_data = {
"points": PackedVector3Array(0, 0, 0, 0, 0, 0, 8, 0, 0, 0, 0, 0, 0, 0, 0, -8, 0, 0),
"tilts": PackedFloat32Array(0, 0)
}
point_count = 2

[sub_resource type="BoxShape3D" id="BoxShape3D_p70al"]
size = Vector3(500, 10, 500)

[sub_resource type="BoxShape3D" id="BoxShape3D_q2d71"]
size = Vector3(25, 30, 27.5)

[sub_resource type="BoxShape3D" id="BoxShape3D_y7y61"]
size = Vector3(5, 5, 3)

[node name="World" type="Node3D" unique_id=45579773]

[node name="StoryManager" type="Node" parent="." unique_id=1899741891]
script = ExtResource("1_q2d71")

[node name="Node3D" type="Node3D" parent="." unique_id=1729482857]

[node name="Area3D" type="Area3D" parent="Node3D" unique_id=918087045]
transform = Transform3D(1, 0, 0, 0, 1, 0, 0, 0, 1, 0, 0, -43.20763)

[node name="CollisionShape3D" type="CollisionShape3D" parent="Node3D/Area3D" unique_id=142501843]
shape = SubResource("BoxShape3D_ti1bm")

[node name="WorldEnvironment" type="WorldEnvironment" parent="." unique_id=2094952620]
environment = SubResource("Environment_5nsto")

[node name="DirectionalLight3D" type="DirectionalLight3D" parent="WorldEnvironment" unique_id=1567575931]
transform = Transform3D(1, 0, 0, 0, -0.54902303, 0.83580726, 0, -0.83580726, -0.54902303, 0, 0, 0)

[node name="Player" parent="." unique_id=1703810380 instance=ExtResource("1_5cjrv")]
transform = Transform3D(-1, 0, 8.742278e-08, 0, 1, 0, -8.742278e-08, 0, -1, 0, 1.3559253, -28.255297)

[node name="DuckieStage" type="Node3D" parent="." unique_id=1804239352]
transform = Transform3D(-1, 0, 8.742278e-08, 0, 1, 0, -8.742278e-08, 0, -1, 3.4969094e-07, 0, -40.085136)

[node name="DuckieStageOffice" parent="DuckieStage" unique_id=1367273004 instance=ExtResource("2_gjpho")]

[node name="VictoriaStage" type="Node3D" parent="." unique_id=2083918906]
transform = Transform3D(1, 0, -1.7484554e-07, 0, 1, 0, 1.7484554e-07, 0, 1, -3.4969094e-07, 0, 40.146286)

[node name="VictoriaStage01" parent="VictoriaStage" unique_id=1341088577 instance=ExtResource("4_ti1bm")]

[node name="InterconnectStage" parent="." unique_id=338793185 instance=ExtResource("4_45d1s")]

[node name="ParkourSegments" type="Node3D" parent="." unique_id=658885363]

[node name="Parkour3" type="Node3D" parent="ParkourSegments" unique_id=354506518]

[node name="Platform" parent="ParkourSegments/Parkour3" unique_id=2048326942 instance=ExtResource("5_p70al")]
transform = Transform3D(1, 0, 0, 0, 0.7979628, 0.60270673, 0, -0.60270673, 0.7979628, 1.949208, 0.44028342, -18.138351)

[node name="Platform2" parent="ParkourSegments/Parkour3" unique_id=97203186 instance=ExtResource("5_p70al")]
transform = Transform3D(1, 0, 0, 0, 0.99042284, -0.13806686, 0, 0.13806686, 0.99042284, 3.4862368, -0.87703645, -12.863491)

[node name="Platform3" parent="ParkourSegments/Parkour3" unique_id=859398829 instance=ExtResource("5_p70al")]
transform = Transform3D(0.8725557, 0.067447685, 0.48383608, 0, 0.99042284, -0.13806686, -0.48851466, 0.12047102, 0.86419904, 6.0167007, -0.87703645, -8.331785)

[node name="Platform4" parent="ParkourSegments/Parkour3" unique_id=1766577520 instance=ExtResource("5_p70al")]
transform = Transform3D(0.59779304, -0.110681355, -0.7939729, -7.2794357e-09, 0.99042296, -0.13806686, 0.80165046, 0.08253543, 0.5920679, 5.5071154, -0.87703645, -2.9218163)

[node name="Platform5" parent="ParkourSegments/Parkour3" unique_id=2074055466 instance=ExtResource("5_p70al")]
transform = Transform3D(0.78846186, 0.08492267, 0.6091929, -0.25348753, 0.9472676, 0.19603102, -0.5604213, -0.30898583, 0.76841116, -3.7385583, -1.9225806, -3.8025227)

[node name="Platform6" parent="ParkourSegments/Parkour3" unique_id=1283627735 instance=ExtResource("5_p70al")]
transform = Transform3D(0.78846186, 0.08492267, 0.6091929, -0.25348753, 0.9472676, 0.19603102, -0.5604213, -0.30898583, 0.76841116, 0.314914, 1.0212954, 6.170103)

[node name="Platform10" parent="ParkourSegments/Parkour3" unique_id=523420302 instance=ExtResource("5_p70al")]
transform = Transform3D(0.9825031, -0.100596555, -0.15674178, 0.10340729, 0.9945904, 0.009859905, 0.15490179, -0.025895715, 0.9875903, -2.7966533, 1.0212959, 8.779432)

[node name="Platform7" parent="ParkourSegments/Parkour3" unique_id=711295905 instance=ExtResource("5_p70al")]
transform = Transform3D(0.9902836, 0.11969539, 0.07079073, -0.13899381, 0.867918, 0.47686338, -0.004362315, -0.4820696, 0.87612194, 1.0377676, 2.9487748, 9.491353)

[node name="Platform8" parent="ParkourSegments/Parkour3" unique_id=980693984 instance=ExtResource("5_p70al")]
transform = Transform3D(0.9902836, 0.11969539, 0.07079073, -0.11823193, 0.99268293, -0.024528235, -0.07320877, 0.015920117, 0.99718946, 1.0377676, 3.868349, 14.406673)

[node name="Platform9" parent="ParkourSegments/Parkour3" unique_id=2038737749 instance=ExtResource("5_p70al")]
transform = Transform3D(0.9902836, 0.11969539, 0.07079073, -0.11823193, 0.99268293, -0.024528235, -0.07320877, 0.015920117, 0.99718946, 1.0377676, 3.868349, 19.455242)

[node name="Path3D" type="Path3D" parent="ParkourSegments/Parkour3" unique_id=1394115375]
transform = Transform3D(1, 0, 0, 0, 1, 0, 0, 0, 1, -4.4548993, -2.6131034, -11.81169)
curve = SubResource("Curve3D_op4cu")

[node name="Platform" parent="ParkourSegments/Parkour3/Path3D" unique_id=822725948 instance=ExtResource("7_uo7di")]
transform = Transform3D(1, 0, 0, 0, 0.99999046, 0, 0, 0, 0.99999046, 0, 0, 3.7774038)
timeLength = 4.0
sitLength = 1.0

[node name="Path3D2" type="Path3D" parent="ParkourSegments/Parkour3" unique_id=1325594456]
transform = Transform3D(1, 0, 0, 0, 1, 0, 0, 0, 1, -4.2869554, 0.4728608, 13.744178)
curve = SubResource("Curve3D_8l3nt")

[node name="Platform" parent="ParkourSegments/Parkour3/Path3D2" unique_id=1889139088 instance=ExtResource("7_uo7di")]
transform = Transform3D(-1, 0, -8.7421945e-08, 0, 0.99999046, 0, 8.742278e-08, 0, -0.99999046, 0, 0, 0)
timeLength = 4.0
sitLength = 1.0

[node name="Parkour1" type="Node3D" parent="ParkourSegments" unique_id=1718981119]
visible = false

[node name="Platform3" parent="ParkourSegments/Parkour1" unique_id=1004886532 instance=ExtResource("5_p70al")]
transform = Transform3D(1, 0, 0, 0, 1, 0, 0, 0, 1, 2.7043934, 0.22204208, 6.7452087)

[node name="Platform4" parent="ParkourSegments/Parkour1" unique_id=140619556 instance=ExtResource("5_p70al")]
transform = Transform3D(1, 0, 0, 0, 1, 0, 0, 0, 1, -0.233809, -0.5400677, 12.006844)

[node name="Platform9" parent="ParkourSegments/Parkour1" unique_id=1776227859 instance=ExtResource("5_p70al")]
transform = Transform3D(1, 0, 0, 0, 1, 0, 0, 0, 1, 2.325272, -0.5400677, 17.741383)

[node name="Platform5" parent="ParkourSegments/Parkour1" unique_id=280326438 instance=ExtResource("5_p70al")]
transform = Transform3D(1, 0, 0, 0, 1, 0, 0, 0, 1, 2.0904808, -0.5400677, -6.798974)

[node name="Platform6" parent="ParkourSegments/Parkour1" unique_id=606120791 instance=ExtResource("5_p70al")]
transform = Transform3D(1, 0, 0, 0, 1, 0, 0, 0, 1, -1.823456, -0.54006577, -11.0232315)

[node name="Platform7" parent="ParkourSegments/Parkour1" unique_id=796756811 instance=ExtResource("5_p70al")]
transform = Transform3D(1, 0, 0, 0, 1, 0, 0, 0, 1, -0.107664585, -0.5400677, -17.054037)

[node name="Parkour2" type="Node3D" parent="ParkourSegments" unique_id=1493111555]
visible = false

[node name="Path3D" type="Path3D" parent="ParkourSegments/Parkour2" unique_id=387065227]
transform = Transform3D(-1, 0, -8.742278e-08, 0, 1, 0, 8.742278e-08, 0, -1, 0, 0, -20)
curve = SubResource("Curve3D_kn06e")

[node name="Platform" parent="ParkourSegments/Parkour2/Path3D" unique_id=111397926 instance=ExtResource("7_uo7di")]
transform = Transform3D(-4.3711346e-08, 0, 0.9999984, 0, 0.99999624, 0, -0.99999905, 0, -4.3711317e-08, 8, 0, 0)

[node name="Wall" parent="ParkourSegments/Parkour2" unique_id=1364744415 instance=ExtResource("7_kn06e")]
transform = Transform3D(1, 0, 0, 0, 1, 0, 0, 0, 1, -4.517497, 0, -17.284199)
script = ExtResource("8_7yo87")

[node name="Platform" parent="ParkourSegments/Parkour2" unique_id=356983276 instance=ExtResource("5_p70al")]
transform = Transform3D(-0.70710677, 0, 0.70710677, 0, 1, 0, -0.70710677, 0, -0.70710677, 3.411869, 0, -15.643661)

[node name="Platform2" parent="ParkourSegments/Parkour2" unique_id=152506084 instance=ExtResource("5_p70al")]
transform = Transform3D(0.15463294, -0.10347, 0.98253894, -0.005155782, 0.99440277, 0.10553079, -0.9879588, -0.021384284, 0.15323392, -2.4854498, 0, -14.306906)

[node name="Platform3" parent="ParkourSegments/Parkour2" unique_id=1854966440 instance=ExtResource("5_p70al")]
transform = Transform3D(-0.94776505, 0.028798375, -0.31766707, -0.005155779, 0.99440277, 0.105530806, 0.3189282, 0.1016562, -0.9423115, -6.8359985, 0.1718297, -12.210685)

[node name="Platform4" parent="ParkourSegments/Parkour2" unique_id=44263086 instance=ExtResource("5_p70al")]
transform = Transform3D(-0.83197844, 0.054282792, -0.5521465, -0.005155776, 0.9944029, 0.10553082, 0.5547844, 0.09064607, -0.8270416, -2.013857, 0.17051232, -7.3010507)

[node name="Platform5" parent="ParkourSegments/Parkour2" unique_id=1367429136 instance=ExtResource("5_p70al")]
transform = Transform3D(-0.9453491, -0.039252903, 0.32368913, -0.0051557804, 0.9944029, 0.10553083, -0.32601985, 0.09809455, -0.94026005, -3.5614393, 0.17051232, 11.377201)

[node name="Platform6" parent="ParkourSegments/Parkour2" unique_id=1042322992 instance=ExtResource("5_p70al")]
transform = Transform3D(-0.83197844, 0.054282792, -0.5521465, -0.005155776, 0.9944029, 0.10553082, 0.5547844, 0.09064607, -0.8270416, 2.4900694, 0.17051232, 11.181736)

[node name="Platform7" parent="ParkourSegments/Parkour2" unique_id=967045402 instance=ExtResource("5_p70al")]
transform = Transform3D(0.99115497, 0.019076679, -0.1313335, -0.0051557873, 0.9944029, 0.10553082, 0.13261166, -0.10392023, 0.9857053, -0.5606525, 0.17051232, 17.342646)

[node name="Path3D2" type="Path3D" parent="ParkourSegments/Parkour2" unique_id=1467582338]
transform = Transform3D(-1, 0, -8.742278e-08, 0, 1, 0, 8.742278e-08, 0, -1, 0, 0, 5.843357)
curve = SubResource("Curve3D_ti1bm")

[node name="Platform" parent="ParkourSegments/Parkour2/Path3D2" unique_id=100292224 instance=ExtResource("7_uo7di")]
transform = Transform3D(-4.3711346e-08, 0, 0.9999984, 0, 0.99999624, 0, -0.99999905, 0, -4.3711317e-08, 8, 0, 0)

[node name="Parkour4" type="Node3D" parent="ParkourSegments" unique_id=1757538292]

[node name="Parkour5" type="Node3D" parent="ParkourSegments" unique_id=1492741031]

[node name="Parkour6" type="Node3D" parent="ParkourSegments" unique_id=681673264]

[node name="Parkour7" type="Node3D" parent="ParkourSegments" unique_id=1570808554]

[node name="Parkour8" type="Node3D" parent="ParkourSegments" unique_id=548780802]

[node name="Deathplane" type="Area3D" parent="." unique_id=1951168762]
transform = Transform3D(1, 0, 0, 0, 1, 0, 0, 0, 1, 0, -150, 0)
script = ExtResource("6_45d1s")

[node name="CollisionShape3D" type="CollisionShape3D" parent="Deathplane" unique_id=1836805338]
shape = SubResource("BoxShape3D_p70al")

[node name="StartPlatform" parent="." unique_id=1559250995 instance=ExtResource("5_p70al")]
transform = Transform3D(-4.371139e-08, 0, 1, 0, 1, 0, -1, 0, -4.371139e-08, 0, 0, -2)

[node name="StartPlatform2" parent="." unique_id=944226512 instance=ExtResource("5_p70al")]
transform = Transform3D(-4.371139e-08, 0, 1, 0, 1, 0, -1, 0, -4.371139e-08, 0, 0, 2)

[node name="FireWall" parent="." unique_id=1513712859 instance=ExtResource("12_ti1bm")]
transform = Transform3D(6, 0, 0, 0, 6, 0, 0, 0, 6, 0, -17.082834, 0)

[node name="AkEvent2D" type="AkEvent2D" parent="." unique_id=484776442]
event = ExtResource("13_op4cu")
trigger_on = 2

[node name="Checkpoints" type="Node3D" parent="." unique_id=470949640]

[node name="Checkpoint1" type="Area3D" parent="Checkpoints" unique_id=710476031]
transform = Transform3D(1, 0, 0, 0, 1, 0, 0, 0, 1, 0, 0, 30.328169)
script = ExtResource("7_y7y61")

[node name="CollisionShape3D" type="CollisionShape3D" parent="Checkpoints/Checkpoint1" unique_id=1220644892]
transform = Transform3D(1, 0, 0, 0, 1, 0, 0, 0, 1, 0, 0, 7.028223)
shape = SubResource("BoxShape3D_q2d71")

[node name="Checkpoint2" type="Area3D" parent="Checkpoints" unique_id=84843252]
transform = Transform3D(1, 0, 0, 0, 1, 0, 0, 0, 1, 0, 0, -28.215914)
script = ExtResource("7_y7y61")

[node name="CollisionShape3D" type="CollisionShape3D" parent="Checkpoints/Checkpoint2" unique_id=1008981604]
transform = Transform3D(1, 0, 0, 0, 1, 0, 0, 0, 1, 0, 0, -6.9167347)
shape = SubResource("BoxShape3D_q2d71")

[node name="StartCheckpoint" type="Area3D" parent="Checkpoints" unique_id=87384050]
transform = Transform3D(1, 0, 0, 0, 1, 0, 0, 0, 1, 0, 0, -2)
script = ExtResource("7_y7y61")

[node name="CollisionShape3D" type="CollisionShape3D" parent="Checkpoints/StartCheckpoint" unique_id=1220701681]
shape = SubResource("BoxShape3D_y7y61")

[node name="StartCheckpoint2" type="Area3D" parent="Checkpoints" unique_id=431498974]
transform = Transform3D(1, 0, 0, 0, 1, 0, 0, 0, 1, 0, 0, 2)
script = ExtResource("7_y7y61")

[node name="CollisionShape3D" type="CollisionShape3D" parent="Checkpoints/StartCheckpoint2" unique_id=994498112]
shape = SubResource("BoxShape3D_y7y61")

[connection signal="body_entered" from="Deathplane" to="Deathplane" method="_on_body_entered"]
